score 6740
mec 1
mcc 1
mwc 0
mmc 0
nm 3
ps 0,0,100,100,100
d 20
u 9 9 10 10 
enemies /|13,2|0,0,0,-1|0,0|13237.4,-11836.6|-1.89378,1.69338|-131.313|90,60,120|90,60,120|0|40|/|20,4|1,0,0,-1|0,0|8257.59,7852.8|9.71948,-22.9613|14.7016|100,120,79.235|100,120,150|0|35|/|18,4|2,0,0,-1|0,0|7889.97,8343.62|2.22959,-15.2546|18.9172|30,50,53.8613|30,50,120|0|32|/|18,4|3,0,0,-1|0,0|8265.92,7695.91|5.2614,-20.1326|14.1209|30,50,48.0959|30,50,120|0|32|/|18,4|4,0,0,-1|0,0|8168.25,7531.02|5.39663,-20.0957|14.4913|30,50,48.0959|30,50,120|0|32|/|18,4|5,0,0,-1|0,0|8143.57,7543.88|5.41703,-20.0903|14.5469|30,50,48.0959|30,50,120|0|32|
asteroids 